   1227.00       345.867
   1277.00       345.677
   1327.00       343.602
   1377.00       343.272
   1427.00       342.959
   1477.00       342.632
   1527.00       342.401
   1577.00       342.146
   1627.00       341.847
   1677.00       341.619
   1727.00       341.354
   1777.00       341.116
   1827.00       340.807
   1877.00       340.531
   1927.00       340.091
   1977.00       339.638
   2027.00       339.227
   2077.00       338.781
   2127.00       338.323
   2177.00       337.951
   2227.00       337.553
   2277.00       337.236
   2327.00       336.938
   2377.00       336.609
   2427.00       336.227
   2477.00       335.859
   2527.00       335.539
   2577.00       335.169
   2627.00       334.679
   2677.00       334.426
   2727.00       334.194
   2777.00       333.965
   2827.00       333.723
   2877.00       333.480
   2927.00       333.237
   2977.00       332.996
   3027.00       332.753
   3077.00       332.507
   3127.00       332.260
   3177.00       332.013
   3227.00       331.767
   3277.00       331.520
   3327.00       331.269
   3377.00       331.018
   3427.00       330.767
   3477.00       330.516
   3527.00       330.267
   3577.00       330.016
   3627.00       329.763
   3677.00       329.510
   3727.00       329.256
   3777.00       329.001
   3827.00       328.747
   3877.00       328.494
   3927.00       328.242
   3977.00       327.990
   4027.00       327.740
   4077.00       327.489
   4127.00       327.239
   4177.00       326.990
   4227.00       326.744
   4277.00       326.511
   4327.00       326.281
   4377.00       326.053
   4427.00       325.828
   4477.00       325.604
   4527.00       325.382
   4577.00       325.163
   4627.00       324.948
   4677.00       324.754
   4727.00       324.563
   4777.00       324.374
   4827.00       324.185
   4877.00       323.995
   4927.00       323.804
   4977.00       323.614
   5027.00       323.424
   5077.00       323.234
   5127.00       323.045
   5177.00       322.855
   5227.00       322.665
   5277.00       322.476
   5327.00       322.285
   5377.00       322.092
   5427.00       321.898
   5477.00       321.701
   5527.00       321.504
   5577.00       321.307
   5627.00       321.115
   5677.00       320.924
   5727.00       320.730
   5777.00       320.537
   5827.00       320.342
   5877.00       320.146
   5927.00       319.950
   5977.00       319.755
   6027.00       319.559
   6077.00       319.363
   6127.00       319.169
   6177.00       318.980
   6227.00       318.792
   6277.00       318.607
   6327.00       318.422
   6377.00       318.238
   6427.00       318.055
   6477.00       317.872
   6527.00       317.689
   6577.00       317.507
   6627.00       317.328
   6677.00       317.150
   6727.00       316.976
   6777.00       316.801
   6827.00       316.616
   6877.00       316.430
   6927.00       316.243
   6977.00       316.057
   7027.00       315.870
   7077.00       315.682
   7127.00       315.495
   7177.00       315.307
   7227.00       315.118
   7277.00       314.927
   7327.00       314.734
   7377.00       314.539
   7427.00       314.345
   7477.00       314.149
   7527.00       313.947
   7577.00       313.742
   7627.00       313.536
   7677.00       313.327
   7727.00       313.119
   7777.00       312.907
   7827.00       312.693
   7877.00       312.478
   7927.00       312.262
   7977.00       312.045
   8027.00       311.827
   8077.00       311.606
   8127.00       311.384
   8177.00       311.160
   8227.00       310.934
   8277.00       310.709
   8327.00       310.480
   8377.00       310.246
   8427.00       310.012
   8477.00       309.777
   8527.00       309.543
   8577.00       309.308
   8627.00       309.072
   8677.00       308.836
   8727.00       308.600
   8777.00       308.364
   8827.00       308.128
   8877.00       307.891
   8927.00       307.653
   8977.00       307.416
   9027.00       307.177
   9077.00       306.938
   9127.00       306.699
   9177.00       306.459
   9227.00       306.220
   9277.00       305.978
   9327.00       305.737
   9377.00       305.495
   9427.00       305.253
   9477.00       305.010
   9527.00       304.768
   9577.00       304.525
   9627.00       304.283
   9677.00       304.040
   9727.00       303.797
   9777.00       303.556
   9827.00       303.316
   9877.00       303.076
   9927.00       302.836
   9977.00       302.597
  10027.00       302.359
  10077.00       302.121
  10127.00       301.883
  10177.00       301.645
  10227.00       301.407
  10277.00       301.170
  10327.00       300.950
  10377.00       300.735
  10427.00       300.520
  10477.00       300.307
  10527.00       300.093
  10577.00       299.880
  10627.00       299.667
  10677.00       299.454
  10727.00       299.241
  10777.00       299.029
  10827.00       298.819
  10877.00       298.609
  10927.00       298.402
  10977.00       298.197
  11027.00       297.993
  11077.00       297.789
  11127.00       297.586
  11177.00       297.384
  11227.00       297.185
  11277.00       296.988
  11327.00       296.792
  11377.00       296.597
  11427.00       296.401
  11477.00       296.206
  11527.00       296.024
  11577.00       295.853
  11627.00       295.684
  11677.00       295.515
  11727.00       295.346
  11777.00       295.178
  11827.00       295.011
  11877.00       294.843
  11927.00       294.676
  11977.00       294.510
  12027.00       294.347
  12077.00       294.185
  12127.00       294.025
  12177.00       293.865
  12227.00       293.707
  12277.00       293.549
  12327.00       293.392
  12377.00       293.238
  12427.00       293.085
  12477.00       292.934
  12527.00       292.784
  12577.00       292.635
  12627.00       292.485
  12677.00       292.335
  12727.00       292.185
  12777.00       292.035
  12827.00       291.885
  12877.00       291.735
  12927.00       291.588
  12977.00       291.471
  13027.00       291.357
  13077.00       291.245
  13127.00       291.133
  13177.00       291.023
  13227.00       290.913
  13277.00       290.803
  13327.00       290.695
  13377.00       290.588
  13427.00       290.486
  13477.00       290.386
  13527.00       290.290
  13577.00       290.197
  13627.00       290.106
  13677.00       290.018
  13727.00       289.930
  13777.00       289.847
  13827.00       289.766
  13877.00       289.690
  13927.00       289.615
  13977.00       289.541
  14027.00       289.466
  14077.00       289.391
  14127.00       289.316
  14177.00       289.241
  14227.00       289.166
  14277.00       289.091
  14327.00       289.017
  14377.00       288.942
  14427.00       288.867
  14477.00       288.792
  14527.00       288.726
  14577.00       288.678
  14627.00       288.631
  14677.00       288.586
  14727.00       288.542
  14777.00       288.498
  14827.00       288.455
  14877.00       288.413
  14927.00       288.371
  14977.00       288.334
  15027.00       288.301
  15077.00       288.272
  15127.00       288.247
  15177.00       288.223
  15227.00       288.202
  15277.00       288.180
  15327.00       288.161
  15377.00       288.143
  15427.00       288.127
  15477.00       288.112
  15527.00       288.098
  15577.00       288.083
  15627.00       288.068
  15677.00       288.053
  15727.00       288.038
  15777.00       288.023
  15827.00       288.008
  15877.00       287.993
  15927.00       287.979
  15977.00       287.964
  16027.00       287.949
  16077.00       287.934
  16127.00       287.919
  16177.00       287.904
  16227.00       287.894
  16277.00       287.899
  16327.00       287.905
  16377.00       287.913
  16427.00       287.921
  16477.00       287.930
  16527.00       287.938
  16577.00       287.948
  16627.00       287.959
  16677.00       287.973
  16727.00       287.989
  16777.00       288.007
  16827.00       288.027
  16877.00       288.048
  16927.00       288.070
  16977.00       288.094
  17027.00       288.123
  17077.00       288.153
  17127.00       288.186
  17177.00       288.219
  17227.00       288.252
  17277.00       288.285
  17327.00       288.318
  17377.00       288.351
  17427.00       288.384
  17477.00       288.417
  17527.00       288.450
  17577.00       288.483
  17627.00       288.516
  17677.00       288.549
  17727.00       288.582
  17777.00       288.615
  17827.00       288.647
  17877.00       288.680
  17927.00       288.713
  17977.00       288.746
  18027.00       288.779
  18077.00       288.812
  18127.00       288.845
  18177.00       288.903
  18227.00       288.969
  18277.00       289.038
  18327.00       289.107
  18377.00       289.177
  18427.00       289.246
  18477.00       289.316
  18527.00       289.387
  18577.00       289.460
  18627.00       289.533
  18677.00       289.608
  18727.00       289.684
  18777.00       289.761
  18827.00       289.838
  18877.00       289.915
  18927.00       289.994
  18977.00       290.073
  19027.00       290.154
  19077.00       290.235
  19127.00       290.316
  19177.00       290.396
  19227.00       290.477
  19277.00       290.557
  19327.00       290.638
  19377.00       290.719
  19427.00       290.799
  19477.00       290.880
  19527.00       290.960
  19577.00       291.041
  19627.00       291.121
  19677.00       291.201
  19727.00       291.282
  19777.00       291.362
  19827.00       291.443
  19877.00       291.523
  19927.00       291.603
  19977.00       291.684
  20027.00       291.764
  20077.00       291.844
  20127.00       291.924
  20177.00       292.004
  20227.00       292.085
  20277.00       292.165
  20327.00       292.245
  20377.00       292.325
  20427.00       292.405
  20477.00       292.484
  20527.00       292.559
  20577.00       292.634
  20627.00       292.708
  20677.00       292.782
  20727.00       292.857
  20777.00       292.932
  20827.00       293.007
  20877.00       293.083
  20927.00       293.160
  20977.00       293.238
  21027.00       293.316
  21077.00       293.395
  21127.00       293.474
  21177.00       293.553
  21227.00       293.633
  21277.00       293.713
  21327.00       293.793
  21377.00       293.872
  21427.00       293.952
  21477.00       294.032
  21527.00       294.112
  21577.00       294.191
  21627.00       294.271
  21677.00       294.351
  21727.00       294.430
  21777.00       294.510
  21827.00       294.590
  21877.00       294.669
  21927.00       294.749
  21977.00       294.828
  22027.00       294.908
  22077.00       294.987
  22127.00       295.067
  22177.00       295.146
  22227.00       295.226
  22277.00       295.305
  22327.00       295.385
  22377.00       295.464
  22427.00       295.543
  22477.00       295.623
  22527.00       295.702
  22577.00       295.781
  22627.00       295.861
  22677.00       295.940
  22727.00       296.019
  22777.00       296.098
  22827.00       296.178
  22877.00       296.257
  22927.00       296.336
  22977.00       296.415
  23027.00       296.494
  23077.00       296.573
  23127.00       296.652
  23177.00       296.731
  23227.00       296.810
  23277.00       296.889
  23327.00       296.968
  23377.00       297.047
  23427.00       297.126
  23477.00       297.205
  23527.00       297.284
  23577.00       297.343
  23627.00       297.387
  23677.00       297.429
  23727.00       297.470
  23777.00       297.510
  23827.00       297.549
  23877.00       297.585
  23927.00       297.614
  23977.00       297.637
  24027.00       297.655
  24077.00       297.670
  24127.00       297.681
  24177.00       297.689
  24227.00       297.691
  24277.00       297.687
  24327.00       297.682
  24377.00       297.677
  24427.00       297.673
  24477.00       297.668
  24527.00       297.664
  24577.00       297.659
  24627.00       297.655
  24677.00       297.650
  24727.00       297.646
  24777.00       297.641
  24827.00       297.637
  24877.00       297.632
  24927.00       297.628
  24977.00       297.623
  25027.00       297.619
  25077.00       297.614
  25127.00       297.610
  25177.00       297.605
  25227.00       297.600
  25277.00       297.596
  25327.00       297.591
  25377.00       297.587
  25427.00       297.582
  25477.00       297.578
  25527.00       297.573
  25577.00       297.569
  25627.00       297.564
  25677.00       297.560
  25727.00       297.555
  25777.00       297.551
  25827.00       297.546
  25877.00       297.542
  25927.00       297.537
  25977.00       297.533
  26027.00       297.528
  26077.00       297.523
  26127.00       297.519
  26177.00       297.514
  26227.00       297.510
  26277.00       297.505
  26327.00       297.501
  26377.00       297.496
  26427.00       297.492
  26477.00       297.487
  26527.00       297.483
  26577.00       297.478
  26627.00       297.474
  26677.00       297.469
  26727.00       297.465
  26777.00       297.460
  26827.00       297.455
  26877.00       297.451
  26927.00       297.446
  26977.00       297.442
  27027.00       297.437
  27077.00       297.433
  27127.00       297.428
  27177.00       297.424
  27227.00       297.419
  27277.00       297.415
  27327.00       297.410
  27377.00       297.406
  27427.00       297.401
  27477.00       297.397
  27527.00       297.392
  27577.00       297.387
  27627.00       297.383
  27677.00       297.378
  27727.00       297.374
  27777.00       297.369
  27827.00       297.365
  27877.00       297.360
  27927.00       297.356
  27977.00       297.351
  28027.00       297.347
  28077.00       297.342
  28127.00       297.338
  28177.00       297.333
  28227.00       297.329
  28277.00       297.324
  28327.00       297.319
  28377.00       297.315
