       0.00        1448.0
     100.00        1447.0
     200.00        1454.0
     300.00        1460.0
     400.00        1464.0
     500.00        1467.0
     600.00        1477.0
     700.00        1478.0
     800.00        1471.0
     900.00        1462.0
    1000.00        1453.0
    1100.00        1444.0
    1200.00        1439.0
    1300.00        1436.0
    1400.00        1432.0
    1500.00        1424.0
    1600.00        1420.0
    1700.00        1416.0
    1800.00        1410.0
    1900.00        1406.0
    2000.00        1402.0
    2100.00        1398.0
    2200.00        1395.0
    2300.00        1392.0
    2400.00        1386.0
    2500.00        1383.0
    2600.00        1381.0
    2700.00        1376.0
    2800.00        1373.0
    2900.00        1371.0
    3000.00        1370.0
    3100.00        1367.0
    3200.00        1362.0
    3300.00        1361.0
    3400.00        1359.0
    3500.00        1356.0
    3600.00        1353.0
    3700.00        1352.0
    3800.00        1349.0
    3900.00        1347.0
    4000.00        1345.0
    4100.00        1343.0
    4200.00        1342.0
    4300.00        1340.0
    4400.00        1343.0
    4500.00        1344.0
    4600.00        1351.0
    4700.00        1351.0
    4800.00        1347.0
    4900.00        1334.0
    5000.00        1325.0
    5100.00        1319.0
    5200.00        1313.0
    5300.00        1310.0
    5400.00        1303.0
    5500.00        1296.0
    5600.00        1294.0
    5700.00        1292.0
    5800.00        1289.0
    5900.00        1282.0
    6000.00        1282.0
    6100.00        1282.0
    6200.00        1282.0
    6300.00        1282.0
    6400.00        1281.0
    6500.00        1283.0
    6600.00        1284.0
    6700.00        1282.0
    6800.00        1282.0
    6900.00        1282.0
    7000.00        1282.0
    7100.00        1282.0
    7200.00        1282.0
    7300.00        1282.0
    7400.00        1282.0
    7500.00        1282.0
    7600.00        1282.0
    7700.00        1282.0
    7800.00        1282.0
    7900.00        1282.0
    8000.00        1282.0
    8100.00        1282.0
    8200.00        1282.0
    8300.00        1282.0
    8400.00        1282.0
    8500.00        1282.0
    8600.00        1282.0
    8700.00        1282.0
    8800.00        1282.0
    8900.00        1282.0
    9000.00        1282.0
    9100.00        1282.0
    9200.00        1282.0
    9300.00        1282.0
    9400.00        1282.0
    9500.00        1282.0
    9600.00        1282.0
    9700.00        1282.0
    9800.00        1282.0
    9900.00        1282.0
   10000.00        1282.0
   10100.00        1282.0
   10200.00        1282.0
   10300.00        1282.0
   10400.00        1282.0
   10500.00        1282.0
   10600.00        1282.0
   10700.00        1282.0
   10800.00        1282.0
   10900.00        1282.0
   11000.00        1282.0
   11100.00        1282.0
   11200.00        1282.0
   11300.00        1282.0
   11400.00        1282.0
   11500.00        1282.0
   11600.00        1282.0
   11700.00        1282.0
   11800.00        1282.0
   11900.00        1282.0
   12000.00        1282.0
   12100.00        1282.0
   12200.00        1282.0
   12300.00        1282.0
   12400.00        1282.0
   12500.00        1282.0
   12600.00        1282.0
   12700.00        1282.0
   12800.00        1282.0
   12900.00        1282.0
   13000.00        1282.0
   13100.00        1282.0
   13200.00        1282.0
   13300.00        1282.0
   13400.00        1282.0
   13500.00        1282.0
   13600.00        1282.0
   13700.00        1282.0
   13800.00        1282.0
   13900.00        1282.0
   14000.00        1282.0
   14100.00        1282.0
   14200.00        1282.0
   14300.00        1282.0
   14400.00        1282.0
   14500.00        1282.0
   14600.00        1282.0
   14700.00        1282.0
   14800.00        1282.0
   14900.00        1282.0
   15000.00        1282.0
   15100.00        1282.0
   15200.00        1282.0
   15300.00        1282.0
   15400.00        1282.0
   15500.00        1282.0
   15600.00        1282.0
   15700.00        1282.0
   15800.00        1282.0
   15900.00        1282.0
   16000.00        1282.0
   16100.00        1282.0
   16200.00        1282.0
   16300.00        1282.0
   16400.00        1282.0
   16500.00        1282.0
   16600.00        1282.0
   16700.00        1282.0
   16800.00        1282.0
   16900.00        1282.0
   17000.00        1282.0
   17100.00        1282.0
   17200.00        1282.0
   17300.00        1282.0
   17400.00        1282.0
   17500.00        1282.0
   17600.00        1282.0
   17700.00        1282.0
   17800.00        1282.0
   17900.00        1282.0
   18000.00        1282.0
   18100.00        1282.0
   18200.00        1282.0
   18300.00        1282.0
   18400.00        1282.0
   18500.00        1282.0
   18600.00        1282.0
   18700.00        1282.0
   18800.00        1282.0
   18900.00        1282.0
   19000.00        1282.0
   19100.00        1282.0
   19200.00        1282.0
   19300.00        1282.0
   19400.00        1282.0
   19500.00        1282.0
   19600.00        1282.0
   19700.00        1282.0
   19800.00        1282.0
   19900.00        1282.0
   20000.00        1282.0
   20100.00        1282.0
   20200.00        1282.0
   20300.00        1282.0
   20400.00        1282.0
   20500.00        1282.0
   20600.00        1282.0
   20700.00        1282.0
   20800.00        1282.0
   20900.00        1282.0
   21000.00        1282.0
   21100.00        1282.0
   21200.00        1282.0
   21300.00        1282.0
   21400.00        1282.0
   21500.00        1282.0
   21600.00        1282.0
   21700.00        1282.0
   21800.00        1282.0
   21900.00        1282.0
   22000.00        1282.0
   22100.00        1282.0
   22200.00        1282.0
   22300.00        1282.0
   22400.00        1282.0
   22500.00        1282.0
   22600.00        1282.0
   22700.00        1282.0
   22800.00        1282.0
   22900.00        1282.0
   23000.00        1282.0
   23100.00        1282.0
   23200.00        1282.0
   23300.00        1282.0
   23400.00        1282.0
   23500.00        1282.0
   23600.00        1282.0
   23700.00        1282.0
   23800.00        1282.0
   23900.00        1282.0
   24000.00        1282.0
   24100.00        1282.0
   24200.00        1282.0
   24300.00        1282.0
   24400.00        1282.0
   24500.00        1282.0
   24600.00        1282.0
   24700.00        1282.0
   24800.00        1282.0
   24900.00        1282.0
   25000.00        1282.0
   25100.00        1282.0
   25200.00        1282.0
   25300.00        1282.0
   25400.00        1282.0
   25500.00        1282.0
   25600.00        1282.0
   25700.00        1282.0
   25800.00        1282.0
   25900.00        1282.0
   26000.00        1282.0
   26100.00        1282.0
   26200.00        1282.0
   26300.00        1282.0
   26400.00        1282.0
   26500.00        1282.0
   26600.00        1282.0
   26700.00        1282.0
   26800.00        1282.0
   26900.00        1282.0
   27000.00        1282.0
   27100.00        1282.0
   27200.00        1282.0
   27300.00        1282.0
   27400.00        1282.0
   27500.00        1282.0
   27600.00        1282.0
   27700.00        1282.0
   27800.00        1282.0
   27900.00        1282.0
   28000.00        1282.0
   28100.00        1282.0
   28200.00        1282.0
   28300.00        1282.0
   28400.00        1282.0
   28500.00        1282.0
   28600.00        1282.0
   28700.00        1282.0
   28800.00        1282.0
   28900.00        1282.0
   29000.00        1282.0
   29100.00        1282.0
   29200.00        1283.0
   29300.00        1287.0
   29400.00        1286.0
   29500.00        1286.0
   29600.00        1285.0
   29700.00        1282.0
   29800.00        1282.0
   29900.00        1282.0
   30000.00        1282.0
   30100.00        1282.0
   30200.00        1282.0
   30300.00        1282.0
   30400.00        1282.0
   30500.00        1282.0
   30600.00        1282.0
   30700.00        1282.0
   30800.00        1282.0
   30900.00        1282.0
   31000.00        1282.0
   31100.00        1282.0
   31200.00        1282.0
   31300.00        1282.0
   31400.00        1282.0
   31500.00        1282.0
   31600.00        1282.0
   31700.00        1282.0
   31800.00        1282.0
   31900.00        1282.0
   32000.00        1282.0
   32100.00        1282.0
   32200.00        1282.0
   32300.00        1282.0
   32400.00        1282.0
   32500.00        1282.0
   32600.00        1282.0
   32700.00        1282.0
   32800.00        1282.0
   32900.00        1282.0
   33000.00        1282.0
   33100.00        1282.0
   33200.00        1282.0
   33300.00        1282.0
   33400.00        1282.0
   33500.00        1282.0
   33600.00        1282.0
   33700.00        1282.0
   33800.00        1282.0
   33900.00        1282.0
   34000.00        1282.0
   34100.00        1282.0
   34200.00        1282.0
   34300.00        1282.0
   34400.00        1282.0
   34500.00        1282.0
   34600.00        1282.0
   34700.00        1282.0
   34800.00        1282.0
   34900.00        1282.0
   35000.00        1282.0
   35100.00        1282.0
   35200.00        1282.0
   35300.00        1282.0
   35400.00        1282.0
   35500.00        1282.0
   35600.00        1282.0
   35700.00        1282.0
   35800.00        1282.0
   35900.00        1282.0
   36000.00        1285.0
   36100.00        1289.0
   36200.00        1294.0
   36300.00        1308.0
   36400.00        1322.0
   36500.00        1338.0
   36600.00        1368.0
   36700.00        1393.0
   36800.00        1395.0
   36900.00        1403.0
   37000.00        1415.0
   37100.00        1435.0
   37200.00        1453.0
   37300.00        1460.0
   37400.00        1454.0
   37500.00        1463.0
   37600.00        1471.0
   37700.00        1471.0
   37800.00        1476.0
   37900.00        1478.0
   38000.00        1482.0
   38100.00        1486.0
   38200.00        1490.0
   38300.00        1497.0
   38400.00        1509.0
   38500.00        1523.0
   38600.00        1530.0
   38700.00        1544.0
   38800.00        1554.0
   38900.00        1567.0
   39000.00        1576.0
   39100.00        1594.0
   39200.00        1606.0
   39300.00        1617.0
   39400.00        1623.0
   39500.00        1629.0
   39600.00        1645.0
   39700.00        1655.0
   39800.00        1669.0
   39900.00        1683.0
   40000.00        1699.0
   40100.00        1716.0
   40200.00        1741.0
   40300.00        1759.0
   40400.00        1796.0
   40500.00        1847.0
   40600.00        1901.0
   40700.00        1928.0
   40800.00        1904.0
   40900.00        1868.0
   41000.00        1814.0
   41100.00        1819.0
   41200.00        1850.0
   41300.00        1866.0
   41400.00        1882.0
   41500.00        1848.0
   41600.00        1800.0
   41700.00        1753.0
   41800.00        1714.0
   41900.00        1666.0
   42000.00        1615.0
   42100.00        1605.0
   42200.00        1589.0
   42300.00        1582.0
   42400.00        1551.0
   42500.00        1512.0
   42600.00        1506.0
   42700.00        1533.0
   42800.00        1520.0
   42900.00        1494.0
   43000.00        1459.0
   43100.00        1434.0
   43200.00        1412.0
   43300.00        1401.0
   43400.00        1391.0
   43500.00        1383.0
   43600.00        1372.0
   43700.00        1366.0
   43800.00        1361.0
   43900.00        1354.0
   44000.00        1340.0
   44100.00        1327.0
   44200.00        1318.0
   44300.00        1311.0
   44400.00        1302.0
   44500.00        1298.0
   44600.00        1294.0
   44700.00        1289.0
   44800.00        1289.0
   44900.00        1288.0
   45000.00        1286.0
   45100.00        1290.0
   45200.00        1282.0
   45300.00        1282.0
   45400.00        1282.0
   45500.00        1282.0
   45600.00        1282.0
   45700.00        1282.0
   45800.00        1289.0
   45900.00        1286.0
   46000.00        1286.0
   46100.00        1283.0
   46200.00        1285.0
   46300.00        1282.0
   46400.00        1282.0
   46500.00        1282.0
   46600.00        1282.0
   46700.00        1282.0
   46800.00        1282.0
   46900.00        1282.0
   47000.00        1282.0
   47100.00        1282.0
   47200.00        1282.0
   47300.00        1282.0
   47400.00        1282.0
   47500.00        1282.0
   47600.00        1282.0
   47700.00        1282.0
   47800.00        1282.0
   47900.00        1282.0
   48000.00        1282.0
   48100.00        1282.0
   48200.00        1282.0
   48300.00        1282.0
   48400.00        1282.0
   48500.00        1282.0
   48600.00        1282.0
   48700.00        1282.0
   48800.00        1282.0
   48900.00        1282.0
   49000.00        1282.0
   49100.00        1282.0
   49200.00        1282.0
   49300.00        1282.0
   49400.00        1282.0
   49500.00        1282.0
   49600.00        1282.0
   49700.00        1282.0
   49800.00        1282.0
   49900.00        1282.0
   50000.00        1282.0
   50100.00        1283.0
   50200.00        1284.0
   50300.00        1282.0
   50400.00        1282.0
   50500.00        1282.0
   50600.00        1282.0
   50700.00        1282.0
   50800.00        1282.0
   50900.00        1282.0
   51000.00        1282.0
   51100.00        1282.0
   51200.00        1282.0
   51300.00        1282.0
   51400.00        1282.0
   51500.00        1282.0
   51600.00        1282.0
   51700.00        1282.0
   51800.00        1282.0
   51900.00        1282.0
   52000.00        1282.0
   52100.00        1282.0
   52200.00        1282.0
   52300.00        1282.0
   52400.00        1282.0
   52500.00        1282.0
   52600.00        1282.0
   52700.00        1282.0
   52800.00        1282.0
   52900.00        1282.0
   53000.00        1282.0
   53100.00        1282.0
   53200.00        1282.0
   53300.00        1282.0
   53400.00        1282.0
   53500.00        1282.0
   53600.00        1282.0
   53700.00        1282.0
   53800.00        1282.0
   53900.00        1282.0
   54000.00        1282.0
   54100.00        1282.0
   54200.00        1282.0
   54300.00        1282.0
   54400.00        1282.0
   54500.00        1282.0
   54600.00        1282.0
   54700.00        1282.0
   54800.00        1282.0
   54900.00        1282.0
   55000.00        1282.0
   55100.00        1282.0
   55200.00        1282.0
   55300.00        1282.0
   55400.00        1282.0
   55500.00        1282.0
   55600.00        1282.0
   55700.00        1282.0
   55800.00        1282.0
   55900.00        1282.0
   56000.00        1282.0
   56100.00        1282.0
   56200.00        1282.0
   56300.00        1282.0
   56400.00        1282.0
   56500.00        1282.0
   56600.00        1282.0
   56700.00        1282.0
   56800.00        1282.0
   56900.00        1282.0
   57000.00        1282.0
   57100.00        1282.0
   57200.00        1282.0
   57300.00        1282.0
   57400.00        1282.0
   57500.00        1282.0
   57600.00        1282.0
   57700.00        1282.0
   57800.00        1282.0
   57900.00        1282.0
   58000.00        1282.0
   58100.00        1282.0
   58200.00        1282.0
   58300.00        1282.0
   58400.00        1282.0
   58500.00        1282.0
   58600.00        1283.0
   58700.00        1283.0
   58800.00        1282.0
   58900.00        1282.0
   59000.00        1282.0
   59100.00        1282.0
   59200.00        1282.0
   59300.00        1282.0
   59400.00        1282.0
   59500.00        1282.0
   59600.00        1282.0
   59700.00        1282.0
   59800.00        1282.0
   59900.00        1282.0
   60000.00        1282.0
   60100.00        1282.0
   60200.00        1282.0
   60300.00        1282.0
   60400.00        1282.0
   60500.00        1282.0
   60600.00        1282.0
   60700.00        1282.0
   60800.00        1282.0
   60900.00        1282.0
   61000.00        1282.0
   61100.00        1283.0
   61200.00        1281.0
   61300.00        1281.0
   61400.00        1282.0
   61500.00        1284.0
   61600.00        1284.0
   61700.00        1284.0
   61800.00        1284.0
   61900.00        1283.0
   62000.00        1282.0
   62100.00        1282.0
   62200.00        1282.0
   62300.00        1282.0
   62400.00        1283.0
   62500.00        1287.0
   62600.00        1283.0
   62700.00        1283.0
   62800.00        1282.0
   62900.00        1281.0
   63000.00        1284.0
   63100.00        1285.0
   63200.00        1285.0
   63300.00        1284.0
   63400.00        1285.0
   63500.00        1285.0
   63600.00        1284.0
   63700.00        1280.0
   63800.00        1286.0
   63900.00        1289.0
   64000.00        1285.0
   64100.00        1287.0
   64200.00        1283.0
   64300.00        1288.0
   64400.00        1281.0
   64500.00        1286.0
   64600.00        1284.0
   64700.00        1282.0
   64800.00        1282.0
   64900.00        1282.0
   65000.00        1282.0
   65100.00        1282.0
   65200.00        1282.0
   65300.00        1282.0
   65400.00        1282.0
   65500.00        1282.0
   65600.00        1282.0
   65700.00        1282.0
   65800.00        1286.0
   65900.00        1285.0
   66000.00        1287.0
   66100.00        1285.0
   66200.00        1285.0
   66300.00        1284.0
   66400.00        1284.0
   66500.00        1284.0
   66600.00        1284.0
   66700.00        1277.0
   66800.00        1283.0
   66900.00        1287.0
   67000.00        1285.0
   67100.00        1279.0
   67200.00        1284.0
   67300.00        1287.0
   67400.00        1283.0
   67500.00        1283.0
   67600.00        1283.0
   67700.00        1284.0
   67800.00        1286.0
   67900.00        1285.0
   68000.00        1283.0
   68100.00        1284.0
   68200.00        1282.0
   68300.00        1284.0
   68400.00        1287.0
   68500.00        1283.0
   68600.00        1283.0
   68700.00        1283.0
   68800.00        1282.0
   68900.00        1284.0
   69000.00        1283.0
   69100.00        1284.0
   69200.00        1284.0
   69300.00        1284.0
   69400.00        1287.0
   69500.00        1290.0
   69600.00        1285.0
   69700.00        1284.0
   69800.00        1284.0
   69900.00        1284.0
   70000.00        1284.0
   70100.00        1284.0
   70200.00        1284.0
   70300.00        1284.0
   70400.00        1284.0
   70500.00        1284.0
   70600.00        1284.0
   70700.00        1284.0
   70800.00        1284.0
   70900.00        1284.0
   71000.00        1284.0
   71100.00        1284.0
   71200.00        1284.0
   71300.00        1284.0
   71400.00        1284.0
   71500.00        1284.0
   71600.00        1284.0
   71700.00        1284.0
   71800.00        1284.0
   71900.00        1284.0
   72000.00        1284.0
   72100.00        1284.0
   72200.00        1284.0
   72300.00        1284.0
   72400.00        1284.0
   72500.00        1284.0
   72600.00        1285.0
   72700.00        1283.0
   72800.00        1282.0
   72900.00        1290.0
   73000.00        1287.0
   73100.00        1286.0
   73200.00        1289.0
   73300.00        1287.0
   73400.00        1288.0
   73500.00        1287.0
   73600.00        1287.0
   73700.00        1285.0
   73800.00        1287.0
   73900.00        1286.0
   74000.00        1287.0
   74100.00        1288.0
   74200.00        1286.0
   74300.00        1288.0
   74400.00        1285.0
   74500.00        1288.0
   74600.00        1287.0
   74700.00        1289.0
   74800.00        1288.0
   74900.00        1287.0
   75000.00        1290.0
   75100.00        1288.0
   75200.00        1288.0
   75300.00        1288.0
   75400.00        1289.0
   75500.00        1289.0
   75600.00        1288.0
   75700.00        1291.0
   75800.00        1291.0
   75900.00        1293.0
   76000.00        1297.0
   76100.00        1299.0
   76200.00        1302.0
   76300.00        1306.0
   76400.00        1309.0
   76500.00        1314.0
   76600.00        1320.0
   76700.00        1321.0
   76800.00        1326.0
   76900.00        1329.0
   77000.00        1333.0
   77100.00        1338.0
   77200.00        1343.0
   77300.00        1352.0
   77400.00        1356.0
   77500.00        1361.0
   77600.00        1367.0
   77700.00        1372.0
   77800.00        1382.0
   77900.00        1389.0
   78000.00        1406.0
   78100.00        1413.0
   78200.00        1423.0
   78300.00        1436.0
   78400.00        1445.0
   78500.00        1454.0
   78600.00        1463.0
   78700.00        1475.0
   78800.00        1488.0
   78900.00        1511.0
   79000.00        1537.0
   79100.00        1571.0
   79200.00        1616.0
   79300.00        1683.0
   79400.00        1736.0
   79500.00        1786.0
   79600.00        1812.0
   79700.00        1834.0
   79800.00        1887.0
   79900.00        1885.0
   80000.00        1871.0
   80100.00        1873.0
   80200.00        1863.0
   80300.00        1889.0
   80400.00        1955.0
   80500.00        1988.0
   80600.00        2015.0
   80700.00        2079.0
   80800.00        2149.0
   80900.00        2167.0
   81000.00        2205.0
   81100.00        2254.0
   81200.00        2381.0
   81300.00        2491.0
   81400.00        2575.0
   81500.00        2633.0
   81600.00        2657.0
   81700.00        2693.0
   81800.00        2729.0
   81900.00        2802.0
   82000.00        2893.0
   82100.00        2911.0
   82200.00        2816.0
   82300.00        2767.0
   82400.00        2717.0
   82500.00        2689.0
   82600.00        2646.0
   82700.00        2592.0
   82800.00        2570.0
   82900.00        2540.0
   83000.00        2535.0
   83100.00        2580.0
   83200.00        2591.0
   83300.00        2605.0
   83400.00        2621.0
   83500.00        2613.0
   83600.00        2586.0
   83700.00        2535.0
   83800.00        2490.0
   83900.00        2447.0
   84000.00        2401.0
   84100.00        2372.0
   84200.00        2335.0
   84300.00        2313.0
   84400.00        2265.0
   84500.00        2225.0
   84600.00        2180.0
   84700.00        2111.0
   84800.00        2079.0
   84900.00        2109.0
   85000.00        2144.0
   85100.00        2169.0
   85200.00        2128.0
   85300.00        2064.0
   85400.00        2022.0
   85500.00        1992.0
   85600.00        1977.0
   85700.00        1940.0
   85800.00        1898.0
   85900.00        1893.0
   86000.00        1884.0
   86100.00        1880.0
   86200.00        1864.0
   86300.00        1849.0
   86400.00        1829.0
   86500.00        1811.0
   86600.00        1803.0
   86700.00        1796.0
   86800.00        1813.0
   86900.00        1838.0
   87000.00        1868.0
   87100.00        1896.0
   87200.00        1933.0
   87300.00        1974.0
   87400.00        2008.0
   87500.00        2013.0
   87600.00        2049.0
   87700.00        2069.0
   87800.00        2067.0
   87900.00        2069.0
   88000.00        2045.0
   88100.00        2000.0
   88200.00        1979.0
   88300.00        2026.0
   88400.00        2015.0
   88500.00        2018.0
   88600.00        2056.0
   88700.00        2081.0
   88800.00        2094.0
   88900.00        2084.0
   89000.00        2060.0
   89100.00        2015.0
   89200.00        2001.0
   89300.00        2001.0
   89400.00        1962.0
   89500.00        1920.0
   89600.00        1960.0
   89700.00        2008.0
   89800.00        2059.0
   89900.00        2072.0
   90000.00        2060.0
   90100.00        2047.0
   90200.00        2030.0
   90300.00        2027.0
   90400.00        2036.0
   90500.00        2050.0
   90600.00        2067.0
   90700.00        2076.0
   90800.00        2093.0
   90900.00        2093.0
   91000.00        2091.0
   91100.00        2086.0
   91200.00        2077.0
   91300.00        2060.0
   91400.00        2051.0
   91500.00        2040.0
   91600.00        2037.0
   91700.00        2021.0
   91800.00        1993.0
   91900.00        1979.0
   92000.00        1972.0
   92100.00        1967.0
   92200.00        1967.0
   92300.00        1963.0
   92400.00        1956.0
   92500.00        1951.0
   92600.00        1943.0
   92700.00        1948.0
   92800.00        1947.0
   92900.00        1948.0
   93000.00        1943.0
   93100.00        1929.0
   93200.00        1920.0
   93300.00        1914.0
   93400.00        1911.0
   93500.00        1913.0
   93600.00        1931.0
   93700.00        1923.0
   93800.00        1890.0
   93900.00        1901.0
   94000.00        1929.0
   94100.00        1974.0
   94200.00        1959.0
   94300.00        1942.0
   94400.00        1919.0
   94500.00        1905.0
   94600.00        1891.0
   94700.00        1876.0
   94800.00        1867.0
   94900.00        1862.0
   95000.00        1879.0
   95100.00        1880.0
   95200.00        1892.0
   95300.00        1911.0
   95400.00        1927.0
   95500.00        1938.0
   95600.00        1950.0
   95700.00        1956.0
   95800.00        1958.0
   95900.00        1962.0
   96000.00        1958.0
   96100.00        1965.0
   96200.00        1977.0
   96300.00        1968.0
   96400.00        1956.0
   96500.00        1962.0
   96600.00        1967.0
   96700.00        1975.0
   96800.00        1985.0
   96900.00        1996.0
   97000.00        2001.0
   97100.00        2004.0
   97200.00        2008.0
   97300.00        2006.0
   97400.00        2001.0
   97500.00        1999.0
   97600.00        1994.0
   97700.00        1992.0
   97800.00        1989.0
   97900.00        1984.0
   98000.00        1976.0
   98100.00        1968.0
   98200.00        1952.0
   98300.00        1956.0
   98400.00        1957.0
   98500.00        1948.0
   98600.00        1938.0
   98700.00        1917.0
   98800.00        1894.0
   98900.00        1893.0
   99000.00        1892.0
   99100.00        1899.0
   99200.00        1900.0
   99300.00        1894.0
   99400.00        1890.0
   99500.00        1883.0
   99600.00        1877.0
   99700.00        1866.0
   99800.00        1865.0
   99900.00        1856.0
  100000.00        1848.0
  100100.00        1842.0
  100200.00        1836.0
  100300.00        1830.0
  100400.00        1831.0
  100500.00        1830.0
  100600.00        1827.0
  100700.00        1825.0
  100800.00        1870.0
  100900.00        1911.0
  101000.00        1944.0
  101100.00        1971.0
  101200.00        2002.0
  101300.00        2038.0
  101400.00        2084.0
  101500.00        2128.0
  101600.00        2157.0
  101700.00        2176.0
  101800.00        2183.0
  101900.00        2191.0
  102000.00        2201.0
  102100.00        2200.0
  102200.00        2196.0
  102300.00        2193.0
  102400.00        2217.0
  102500.00        2263.0
  102600.00        2314.0
  102700.00        2362.0
  102800.00        2403.0
  102900.00        2409.0
  103000.00        2394.0
  103100.00        2406.0
  103200.00        2456.0
  103300.00        2490.0
  103400.00        2474.0
  103500.00        2504.0
  103600.00        2543.0
  103700.00        2608.0
  103800.00        2678.0
  103900.00        2730.0
  104000.00        2720.0
  104100.00        2704.0
  104200.00        2688.0
  104300.00        2692.0
  104400.00        2700.0
  104500.00        2721.0
  104600.00        2727.0
  104700.00        2696.0
  104800.00        2653.0
  104900.00        2624.0
  105000.00        2588.0
  105100.00        2526.0
  105200.00        2519.0
  105300.00        2492.0
  105400.00        2458.0
  105500.00        2440.0
  105600.00        2416.0
  105700.00        2393.0
  105800.00        2371.0
  105900.00        2344.0
  106000.00        2330.0
  106100.00        2318.0
  106200.00        2303.0
  106300.00        2310.0
  106400.00        2353.0
  106500.00        2353.0
  106600.00        2367.0
  106700.00        2370.0
  106800.00        2333.0
  106900.00        2269.0
  107000.00        2201.0
  107100.00        2171.0
  107200.00        2217.0
  107300.00        2288.0
  107400.00        2335.0
  107500.00        2338.0
  107600.00        2311.0
  107700.00        2296.0
  107800.00        2273.0
  107900.00        2286.0
  108000.00        2308.0
  108100.00        2312.0
  108200.00        2292.0
  108300.00        2280.0
  108400.00        2280.0
  108500.00        2258.0
  108600.00        2248.0
  108700.00        2254.0
  108800.00        2263.0
  108900.00        2233.0
  109000.00        2171.0
  109100.00        2123.0
  109200.00        2077.0
  109300.00        2025.0
  109400.00        1973.0
  109500.00        2008.0
  109600.00        2063.0
  109700.00        2099.0
  109800.00        2126.0
  109900.00        2153.0
  110000.00        2202.0
  110100.00        2245.0
  110200.00        2277.0
  110300.00        2295.0
  110400.00        2301.0
  110500.00        2287.0
  110600.00        2269.0
  110700.00        2245.0
  110800.00        2234.0
  110900.00        2235.0
  111000.00        2225.0
  111100.00        2207.0
  111200.00        2202.0
  111300.00        2197.0
  111400.00        2190.0
  111500.00        2186.0
  111600.00        2182.0
  111700.00        2172.0
  111800.00        2153.0
  111900.00        2137.0
  112000.00        2141.0
  112100.00        2143.0
  112200.00        2147.0
  112300.00        2141.0
  112400.00        2123.0
  112500.00        2124.0
  112600.00        2121.0
  112700.00        2119.0
  112800.00        2107.0
  112900.00        2093.0
  113000.00        2102.0
  113100.00        2118.0
  113200.00        2109.0
  113300.00        2110.0
  113400.00        2123.0
  113500.00        2132.0
  113600.00        2136.0
  113700.00        2104.0
  113800.00        2057.0
  113900.00        2014.0
  114000.00        2026.0
  114100.00        2051.0
  114200.00        2056.0
  114300.00        2079.0
  114400.00        2074.0
  114500.00        2057.0
  114600.00        2036.0
  114700.00        2032.0
  114800.00        2032.0
  114900.00        2034.0
  115000.00        2035.0
  115100.00        2038.0
  115200.00        2036.0
  115300.00        2040.0
  115400.00        2042.0
  115500.00        2044.0
  115600.00        2045.0
  115700.00        2045.0
  115800.00        2046.0
  115900.00        2048.0
  116000.00        2052.0
  116100.00        2053.0
  116200.00        2054.0
  116300.00        2055.0
  116400.00        2058.0
  116500.00        2063.0
  116600.00        2063.0
  116700.00        2062.0
  116800.00        2062.0
  116900.00        2068.0
  117000.00        2077.0
  117100.00        2085.0
  117200.00        2086.0
  117300.00        2082.0
  117400.00        2083.0
  117500.00        2080.0
  117600.00        2075.0
  117700.00        2079.0
  117800.00        2081.0
  117900.00        2081.0
  118000.00        2085.0
  118100.00        2096.0
  118200.00        2105.0
  118300.00        2108.0
  118400.00        2122.0
  118500.00        2143.0
  118600.00        2174.0
  118700.00        2209.0
  118800.00        2237.0
  118900.00        2238.0
  119000.00        2244.0
  119100.00        2261.0
  119200.00        2262.0
  119300.00        2236.0
  119400.00        2208.0
  119500.00        2193.0
  119600.00        2203.0
  119700.00        2224.0
  119800.00        2236.0
  119900.00        2248.0
  120000.00        2255.0
  120100.00        2253.0
  120200.00        2271.0
  120300.00        2291.0
  120400.00        2311.0
  120500.00        2329.0
  120600.00        2325.0
  120700.00        2278.0
  120800.00        2220.0
  120900.00        2176.0
  121000.00        2119.0
  121100.00        2146.0
  121200.00        2207.0
  121300.00        2246.0
  121400.00        2215.0
  121500.00        2187.0
  121600.00        2210.0
  121700.00        2237.0
  121800.00        2275.0
  121900.00        2321.0
  122000.00        2364.0
  122100.00        2402.0
  122200.00        2453.0
  122300.00        2478.0
  122400.00        2503.0
  122500.00        2494.0
  122600.00        2466.0
  122700.00        2440.0
  122800.00        2463.0
  122900.00        2480.0
  123000.00        2510.0
  123100.00        2550.0
  123200.00        2582.0
  123300.00        2600.0
  123400.00        2627.0
  123500.00        2641.0
  123600.00        2654.0
  123700.00        2654.0
  123800.00        2647.0
  123900.00        2648.0
  124000.00        2657.0
  124100.00        2660.0
  124200.00        2662.0
  124300.00        2669.0
  124400.00        2657.0
  124500.00        2648.0
  124600.00        2634.0
  124700.00        2617.0
  124800.00        2647.0
  124900.00        2657.0
  125000.00        2654.0
  125100.00        2644.0
  125200.00        2641.0
  125300.00        2642.0
  125400.00        2656.0
  125500.00        2675.0
  125600.00        2692.0
  125700.00        2696.0
  125800.00        2702.0
  125900.00        2686.0
  126000.00        2685.0
  126100.00        2697.0
  126200.00        2708.0
  126300.00        2714.0
  126400.00        2701.0
  126500.00        2689.0
  126600.00        2675.0
  126700.00        2660.0
  126800.00        2628.0
  126900.00        2605.0
  127000.00        2618.0
  127100.00        2623.0
  127200.00        2617.0
  127300.00        2605.0
  127400.00        2595.0
  127500.00        2592.0
  127600.00        2588.0
  127700.00        2587.0
  127800.00        2587.0
  127900.00        2588.0
  128000.00        2586.0
  128100.00        2582.0
  128200.00        2581.0
  128300.00        2599.0
  128400.00        2604.0
  128500.00        2584.0
  128600.00        2562.0
  128700.00        2536.0
  128800.00        2509.0
  128900.00        2501.0
  129000.00        2495.0
  129100.00        2492.0
  129200.00        2476.0
  129300.00        2462.0
  129400.00        2446.0
  129500.00        2437.0
  129600.00        2429.0
  129700.00        2418.0
  129800.00        2407.0
  129900.00        2403.0
  130000.00        2412.0
  130100.00        2407.0
  130200.00        2407.0
  130300.00        2407.0
  130400.00        2402.0
  130500.00        2396.0
  130600.00        2393.0
  130700.00        2391.0
  130800.00        2384.0
  130900.00        2378.0
  131000.00        2376.0
  131100.00        2366.0
  131200.00        2366.0
  131300.00        2361.0
  131400.00        2356.0
  131500.00        2364.0
  131600.00        2374.0
  131700.00        2377.0
  131800.00        2379.0
  131900.00        2379.0
  132000.00        2381.0
  132100.00        2380.0
  132200.00        2386.0
  132300.00        2388.0
  132400.00        2388.0
  132500.00        2391.0
  132600.00        2392.0
  132700.00        2386.0
  132800.00        2373.0
  132900.00        2369.0
  133000.00        2371.0
  133100.00        2378.0
  133200.00        2387.0
  133300.00        2391.0
  133400.00        2388.0
  133500.00        2384.0
  133600.00        2391.0
  133700.00        2395.0
  133800.00        2392.0
  133900.00        2390.0
  134000.00        2381.0
  134100.00        2374.0
  134200.00        2371.0
  134300.00        2376.0
  134400.00        2382.0
  134500.00        2389.0
  134600.00        2393.0
  134700.00        2394.0
  134800.00        2395.0
  134900.00        2394.0
  135000.00        2392.0
  135100.00        2388.0
  135200.00        2389.0
  135300.00        2389.0
  135400.00        2389.0
  135500.00        2387.0
  135600.00        2381.0
  135700.00        2380.0
  135800.00        2376.0
  135900.00        2376.0
  136000.00        2376.0
  136100.00        2372.0
  136200.00        2360.0
  136300.00        2348.0
  136400.00        2354.0
  136500.00        2358.0
  136600.00        2352.0
  136700.00        2342.0
  136800.00        2328.0
  136900.00        2328.0
  137000.00        2316.0
  137100.00        2302.0
  137200.00        2299.0
  137300.00        2311.0
  137400.00        2288.0
  137500.00        2251.0
  137600.00        2259.0
  137700.00        2284.0
  137800.00        2287.0
  137900.00        2288.0
  138000.00        2291.0
  138100.00        2271.0
  138200.00        2253.0
  138300.00        2233.0
  138400.00        2216.0
  138500.00        2206.0
  138600.00        2205.0
  138700.00        2204.0
  138800.00        2184.0
  138900.00        2197.0
  139000.00        2191.0
  139100.00        2202.0
  139200.00        2208.0
  139300.00        2199.0
  139400.00        2185.0
  139500.00        2188.0
  139600.00        2173.0
  139700.00        2175.0
  139800.00        2155.0
  139900.00        2168.0
  140000.00        2193.0
  140100.00        2200.0
  140200.00        2211.0
  140300.00        2214.0
  140400.00        2216.0
  140500.00        2211.0
  140600.00        2202.0
  140700.00        2177.0
  140800.00        2160.0
  140900.00        2171.0
  141000.00        2154.0
  141100.00        2165.0
  141200.00        2175.0
  141300.00        2190.0
  141400.00        2202.0
  141500.00        2211.0
  141600.00        2216.0
  141700.00        2216.0
  141800.00        2212.0
  141900.00        2212.0
  142000.00        2214.0
  142100.00        2214.0
  142200.00        2221.0
  142300.00        2229.0
  142400.00        2237.0
  142500.00        2239.0
  142600.00        2232.0
  142700.00        2222.0
  142800.00        2217.0
  142900.00        2218.0
  143000.00        2207.0
  143100.00        2193.0
  143200.00        2188.0
  143300.00        2181.0
  143400.00        2175.0
  143500.00        2172.0
  143600.00        2168.0
  143700.00        2170.0
  143800.00        2164.0
  143900.00        2161.0
  144000.00        2162.0
  144100.00        2156.0
  144200.00        2154.0
  144300.00        2153.0
  144400.00        2152.0
  144500.00        2149.0
  144600.00        2147.0
  144700.00        2140.0
  144800.00        2134.0
  144900.00        2124.0
  145000.00        2116.0
  145100.00        2116.0
  145200.00        2110.0
  145300.00        2109.0
  145400.00        2105.0
  145500.00        2100.0
  145600.00        2100.0
  145700.00        2096.0
  145800.00        2092.0
  145900.00        2093.0
  146000.00        2098.0
  146100.00        2095.0
  146200.00        2099.0
  146300.00        2102.0
  146400.00        2107.0
  146500.00        2112.0
  146600.00        2107.0
  146700.00        2100.0
  146800.00        2097.0
  146900.00        2087.0
  147000.00        2077.0
  147100.00        2074.0
  147200.00        2077.0
  147300.00        2074.0
  147400.00        2070.0
  147500.00        2065.0
  147600.00        2068.0
  147700.00        2055.0
  147800.00        2047.0
  147900.00        2047.0
  148000.00        2047.0
  148100.00        2064.0
  148200.00        2070.0
  148300.00        2066.0
  148400.00        2056.0
  148500.00        2051.0
  148600.00        2055.0
  148700.00        2043.0
  148800.00        2051.0
  148900.00        2057.0
  149000.00        2059.0
  149100.00        2063.0
  149200.00        2061.0
  149300.00        2060.0
  149400.00        2053.0
  149500.00        2047.0
  149600.00        2042.0
  149700.00        2035.0
  149800.00        2028.0
  149900.00        2016.0
  150000.00        2013.0
  150100.00        2010.0
