   1227.0         0.000
   1277.0         0.048
   1327.0         0.014
   1377.0         0.176
   1427.0         0.464
   1477.0         0.788
   1527.0         1.094
   1577.0         1.370
   1627.0         1.662
   1677.0         1.962
   1727.0         2.250
   1777.0         2.544
   1827.0         2.830
   1877.0         3.102
   1927.0         3.374
   1977.0         3.698
   2027.0         4.020
   2077.0         4.282
   2127.0         4.604
   2177.0         4.930
   2227.0         5.256
   2277.0         5.556
   2327.0         5.900
   2377.0         6.236
   2427.0         6.402
   2477.0         6.606
   2527.0         6.814
   2577.0         6.912
   2627.0         6.882
   2677.0         6.798
   2727.0         6.600
   2777.0         6.366
   2827.0         6.092
   2877.0         5.792
   2927.0         5.474
   2977.0         5.148
   3027.0         4.850
   3077.0         4.592
   3127.0         4.324
   3177.0         4.052
   3227.0         3.772
   3277.0         3.494
   3327.0         3.272
   3377.0         3.054
   3427.0         2.832
   3477.0         2.602
   3527.0         2.370
   3577.0         2.180
   3627.0         2.016
   3677.0         1.852
   3727.0         1.688
   3777.0         1.530
   3827.0         1.366
   3877.0         1.192
   3927.0         1.028
   3977.0         0.858
   4027.0         0.686
   4077.0         0.526
   4127.0         0.368
   4177.0         0.210
   4227.0         0.058
   4277.0        -0.076
   4327.0        -0.200
   4377.0        -0.320
   4427.0        -0.442
   4477.0        -0.560
   4527.0        -0.660
   4577.0        -0.748
   4627.0        -0.820
   4677.0        -0.830
   4727.0        -0.822
   4777.0        -0.800
   4827.0        -0.768
   4877.0        -0.722
   4927.0        -0.668
   4977.0        -0.612
   5027.0        -0.556
   5077.0        -0.520
   5127.0        -0.538
   5177.0        -0.562
   5227.0        -0.584
   5277.0        -0.608
   5327.0        -0.650
   5377.0        -0.710
   5427.0        -0.782
   5477.0        -0.862
   5527.0        -0.944
   5577.0        -1.056
   5627.0        -1.286
   5677.0        -1.532
   5727.0        -1.792
   5777.0        -2.056
   5827.0        -2.306
   5877.0        -2.552
   5927.0        -2.794
   5977.0        -3.032
   6027.0        -3.264
   6077.0        -3.496
   6127.0        -3.708
   6177.0        -3.792
   6227.0        -3.836
   6277.0        -3.840
   6327.0        -3.820
   6377.0        -3.792
   6427.0        -3.758
   6477.0        -3.718
   6527.0        -3.674
   6577.0        -3.626
   6627.0        -3.560
   6677.0        -3.486
   6727.0        -3.406
   6777.0        -3.314
   6827.0        -3.142
   6877.0        -2.964
   6927.0        -2.780
   6977.0        -2.590
   7027.0        -2.402
   7077.0        -2.214
   7127.0        -2.026
   7177.0        -1.850
   7227.0        -1.678
   7277.0        -1.506
   7327.0        -1.338
   7377.0        -1.172
   7427.0        -1.006
   7477.0        -0.836
   7527.0        -0.586
   7577.0        -0.306
   7627.0        -0.024
   7677.0         0.262
   7727.0         0.548
   7777.0         0.846
   7827.0         1.158
   7877.0         1.472
   7927.0         1.790
   7977.0         2.112
   8027.0         2.434
   8077.0         2.754
   8127.0         3.070
   8177.0         3.378
   8227.0         3.684
   8277.0         3.992
   8327.0         4.304
   8377.0         4.618
   8427.0         4.934
   8477.0         5.240
   8527.0         5.532
   8577.0         5.824
   8627.0         6.114
   8677.0         6.404
   8727.0         6.696
   8777.0         6.988
   8827.0         7.282
   8877.0         7.582
   8927.0         7.888
   8977.0         8.196
   9027.0         8.504
   9077.0         8.816
   9127.0         9.126
   9177.0         9.438
   9227.0         9.748
   9277.0         9.984
   9327.0        10.208
   9377.0        10.430
   9427.0        10.650
   9477.0        10.866
   9527.0        11.082
   9577.0        11.298
   9627.0        11.512
   9677.0        11.722
   9727.0        11.936
   9777.0        12.156
   9827.0        12.384
   9877.0        12.618
   9927.0        12.862
   9977.0        13.110
  10027.0        13.360
  10077.0        13.610
  10127.0        13.862
  10177.0        14.132
  10227.0        14.412
  10277.0        14.700
  10327.0        15.124
  10377.0        15.584
  10427.0        16.050
  10477.0        16.528
  10527.0        17.008
  10577.0        17.492
  10627.0        17.980
  10677.0        18.468
  10727.0        18.962
  10777.0        19.458
  10827.0        19.962
  10877.0        20.472
  10927.0        20.988
  10977.0        21.508
  11027.0        22.030
  11077.0        22.556
  11127.0        23.084
  11177.0        23.624
  11227.0        24.182
  11277.0        24.746
  11327.0        25.316
  11377.0        25.890
  11427.0        26.462
  11477.0        27.034
  11527.0        27.614
  11577.0        28.198
  11627.0        28.782
  11677.0        29.366
  11727.0        29.946
  11777.0        30.528
  11827.0        31.108
  11877.0        31.688
  11927.0        32.268
  11977.0        32.844
  12027.0        33.416
  12077.0        33.982
  12127.0        34.540
  12177.0        35.090
  12227.0        35.640
  12277.0        36.188
  12327.0        36.734
  12377.0        37.270
  12427.0        37.800
  12477.0        38.326
  12527.0        38.848
  12577.0        39.370
  12627.0        39.892
  12677.0        40.416
  12727.0        40.938
  12777.0        41.460
  12827.0        41.982
  12877.0        42.504
  12927.0        42.996
  12977.0        43.230
  13027.0        43.442
  13077.0        43.638
  13127.0        43.826
  13177.0        44.004
  13227.0        44.178
  13277.0        44.350
  13327.0        44.512
  13377.0        44.664
  13427.0        44.786
  13477.0        44.890
  13527.0        44.974
  13577.0        45.042
  13627.0        45.096
  13677.0        45.134
  13727.0        45.164
  13777.0        45.148
  13827.0        45.112
  13877.0        45.036
  13927.0        44.948
  13977.0        44.860
  14027.0        44.774
  14077.0        44.686
  14127.0        44.598
  14177.0        44.510
  14227.0        44.424
  14277.0        44.336
  14327.0        44.248
  14377.0        44.162
  14427.0        44.074
  14477.0        43.986
  14527.0        43.830
  14577.0        43.546
  14627.0        43.252
  14677.0        42.950
  14727.0        42.646
  14777.0        42.336
  14827.0        42.026
  14877.0        41.712
  14927.0        41.392
  14977.0        41.044
  15027.0        40.680
  15077.0        40.292
  15127.0        39.890
  15177.0        39.478
  15227.0        39.058
  15277.0        38.634
  15327.0        38.192
  15377.0        37.738
  15427.0        37.268
  15477.0        36.794
  15527.0        36.320
  15577.0        35.846
  15627.0        35.372
  15677.0        34.898
  15727.0        34.426
  15777.0        33.952
  15827.0        33.478
  15877.0        33.004
  15927.0        32.530
  15977.0        32.056
  16027.0        31.584
  16077.0        31.110
  16127.0        30.636
  16177.0        30.162
  16227.0        29.690
  16277.0        29.216
  16327.0        28.740
  16377.0        28.260
  16427.0        27.780
  16477.0        27.298
  16527.0        26.816
  16577.0        26.332
  16627.0        25.842
  16677.0        25.338
  16727.0        24.822
  16777.0        24.288
  16827.0        23.740
  16877.0        23.188
  16927.0        22.632
  16977.0        22.076
  17027.0        21.518
  17077.0        20.960
  17127.0        20.400
  17177.0        19.842
  17227.0        19.282
  17277.0        18.724
  17327.0        18.166
  17377.0        17.606
  17427.0        17.048
  17477.0        16.488
  17527.0        15.930
  17577.0        15.372
  17627.0        14.812
  17677.0        14.254
  17727.0        13.694
  17777.0        13.136
  17827.0        12.578
  17877.0        12.018
  17927.0        11.460
  17977.0        10.900
  18027.0        10.342
  18077.0         9.784
  18127.0         9.224
  18177.0         8.664
  18227.0         8.108
  18277.0         7.554
  18327.0         7.002
  18377.0         6.454
  18427.0         5.906
  18477.0         5.360
  18527.0         4.820
  18577.0         4.304
  18627.0         3.808
  18677.0         3.340
  18727.0         2.894
  18777.0         2.462
  18827.0         2.038
  18877.0         1.620
  18927.0         1.222
  18977.0         0.836
  19027.0         0.464
  19077.0         0.090
  19127.0        -0.282
  19177.0        -0.656
  19227.0        -1.030
  19277.0        -1.402
  19327.0        -1.776
  19377.0        -2.148
  19427.0        -2.522
  19477.0        -2.896
  19527.0        -3.268
  19577.0        -3.642
  19627.0        -4.014
  19677.0        -4.388
  19727.0        -4.760
  19777.0        -5.134
  19827.0        -5.508
  19877.0        -5.880
  19927.0        -6.254
  19977.0        -6.626
  20027.0        -7.000
  20077.0        -7.372
  20127.0        -7.746
  20177.0        -8.120
  20227.0        -8.492
  20277.0        -8.866
  20327.0        -9.238
  20377.0        -9.612
  20427.0        -9.986
  20477.0       -10.328
  20527.0       -10.560
  20577.0       -10.784
  20627.0       -11.002
  20677.0       -11.216
  20727.0       -11.428
  20777.0       -11.638
  20827.0       -11.844
  20877.0       -12.042
  20927.0       -12.232
  20977.0       -12.416
  21027.0       -12.598
  21077.0       -12.778
  21127.0       -12.954
  21177.0       -13.124
  21227.0       -13.284
  21277.0       -13.436
  21327.0       -13.586
  21377.0       -13.734
  21427.0       -13.884
  21477.0       -14.034
  21527.0       -14.184
  21577.0       -14.334
  21627.0       -14.482
  21677.0       -14.632
  21727.0       -14.782
  21777.0       -14.932
  21827.0       -15.082
  21877.0       -15.230
  21927.0       -15.380
  21977.0       -15.530
  22027.0       -15.680
  22077.0       -15.830
  22127.0       -15.978
  22177.0       -16.128
  22227.0       -16.278
  22277.0       -16.428
  22327.0       -16.578
  22377.0       -16.726
  22427.0       -16.876
  22477.0       -17.026
  22527.0       -17.176
  22577.0       -17.326
  22627.0       -17.474
  22677.0       -17.624
  22727.0       -17.774
  22777.0       -17.924
  22827.0       -18.074
  22877.0       -18.222
  22927.0       -18.372
  22977.0       -18.522
  23027.0       -18.672
  23077.0       -18.822
  23127.0       -18.970
  23177.0       -19.120
  23227.0       -19.270
  23277.0       -19.420
  23327.0       -19.570
  23377.0       -19.718
  23427.0       -19.868
  23477.0       -20.018
  23527.0       -20.168
  23577.0       -20.290
  23627.0       -20.390
  23677.0       -20.488
  23727.0       -20.584
  23777.0       -20.678
  23827.0       -20.772
  23877.0       -20.862
  23927.0       -20.942
  23977.0       -21.012
  24027.0       -21.074
  24077.0       -21.128
  24127.0       -21.180
  24177.0       -21.226
  24227.0       -21.264
  24277.0       -21.294
  24327.0       -21.322
  24377.0       -21.350
  24427.0       -21.378
  24477.0       -21.406
  24527.0       -21.436
  24577.0       -21.464
  24627.0       -21.492
  24677.0       -21.520
  24727.0       -21.550
  24777.0       -21.578
  24827.0       -21.606
  24877.0       -21.634
  24927.0       -21.662
  24977.0       -21.692
  25027.0       -21.720
  25077.0       -21.748
  25127.0       -21.776
  25177.0       -21.806
  25227.0       -21.834
  25277.0       -21.862
  25327.0       -21.890
  25377.0       -21.920
  25427.0       -21.948
  25477.0       -21.976
  25527.0       -22.004
  25577.0       -22.032
  25627.0       -22.062
  25677.0       -22.090
  25727.0       -22.118
  25777.0       -22.146
  25827.0       -22.176
  25877.0       -22.204
  25927.0       -22.232
  25977.0       -22.260
  26027.0       -22.288
  26077.0       -22.318
  26127.0       -22.346
  26177.0       -22.374
  26227.0       -22.402
  26277.0       -22.432
  26327.0       -22.460
  26377.0       -22.488
  26427.0       -22.516
  26477.0       -22.544
  26527.0       -22.574
  26577.0       -22.602
  26627.0       -22.630
  26677.0       -22.658
  26727.0       -22.688
  26777.0       -22.716
  26827.0       -22.744
  26877.0       -22.772
  26927.0       -22.802
  26977.0       -22.830
  27027.0       -22.858
  27077.0       -22.886
  27127.0       -22.914
  27177.0       -22.944
  27227.0       -22.972
  27277.0       -23.000
  27327.0       -23.028
  27377.0       -23.058
  27427.0       -23.086
  27477.0       -23.114
  27527.0       -23.142
  27577.0       -23.170
  27627.0       -23.200
  27677.0       -23.228
  27727.0       -23.256
  27777.0       -23.284
  27827.0       -23.314
  27877.0       -23.342
  27927.0       -23.370
  27977.0       -23.398
  28027.0       -23.426
  28077.0       -23.456
  28127.0       -23.484
  28177.0       -23.512
  28227.0       -23.540
  28277.0       -23.570
  28327.0       -23.598
  28377.0       -23.626
