   1227.0         0.000
   1277.0         0.072
   1327.0         0.021
   1377.0         0.264
   1427.0         0.696
   1477.0         1.182
   1527.0         1.641
   1577.0         2.055
   1627.0         2.493
   1677.0         2.943
   1727.0         3.375
   1777.0         3.816
   1827.0         4.245
   1877.0         4.653
   1927.0         5.061
   1977.0         5.547
   2027.0         6.030
   2077.0         6.423
   2127.0         6.906
   2177.0         7.395
   2227.0         7.884
   2277.0         8.334
   2327.0         8.850
   2377.0         9.354
   2427.0         9.603
   2477.0         9.909
   2527.0        10.221
   2577.0        10.368
   2627.0        10.323
   2677.0        10.197
   2727.0         9.900
   2777.0         9.549
   2827.0         9.138
   2877.0         8.688
   2927.0         8.211
   2977.0         7.722
   3027.0         7.275
   3077.0         6.888
   3127.0         6.486
   3177.0         6.078
   3227.0         5.658
   3277.0         5.241
   3327.0         4.908
   3377.0         4.581
   3427.0         4.248
   3477.0         3.903
   3527.0         3.555
   3577.0         3.270
   3627.0         3.024
   3677.0         2.778
   3727.0         2.532
   3777.0         2.295
   3827.0         2.049
   3877.0         1.788
   3927.0         1.542
   3977.0         1.287
   4027.0         1.029
   4077.0         0.789
   4127.0         0.552
   4177.0         0.315
   4227.0         0.087
   4277.0        -0.114
   4327.0        -0.300
   4377.0        -0.480
   4427.0        -0.663
   4477.0        -0.840
   4527.0        -0.990
   4577.0        -1.122
   4627.0        -1.230
   4677.0        -1.245
   4727.0        -1.233
   4777.0        -1.200
   4827.0        -1.152
   4877.0        -1.083
   4927.0        -1.002
   4977.0        -0.918
   5027.0        -0.834
   5077.0        -0.780
   5127.0        -0.807
   5177.0        -0.843
   5227.0        -0.876
   5277.0        -0.912
   5327.0        -0.975
   5377.0        -1.065
   5427.0        -1.173
   5477.0        -1.293
   5527.0        -1.416
   5577.0        -1.584
   5627.0        -1.929
   5677.0        -2.298
   5727.0        -2.688
   5777.0        -3.084
   5827.0        -3.459
   5877.0        -3.828
   5927.0        -4.191
   5977.0        -4.548
   6027.0        -4.896
   6077.0        -5.244
   6127.0        -5.562
   6177.0        -5.688
   6227.0        -5.754
   6277.0        -5.760
   6327.0        -5.730
   6377.0        -5.688
   6427.0        -5.637
   6477.0        -5.577
   6527.0        -5.511
   6577.0        -5.439
   6627.0        -5.340
   6677.0        -5.229
   6727.0        -5.109
   6777.0        -4.971
   6827.0        -4.713
   6877.0        -4.446
   6927.0        -4.170
   6977.0        -3.885
   7027.0        -3.603
   7077.0        -3.321
   7127.0        -3.039
   7177.0        -2.775
   7227.0        -2.517
   7277.0        -2.259
   7327.0        -2.007
   7377.0        -1.758
   7427.0        -1.509
   7477.0        -1.254
   7527.0        -0.879
   7577.0        -0.459
   7627.0        -0.036
   7677.0         0.393
   7727.0         0.822
   7777.0         1.269
   7827.0         1.737
   7877.0         2.208
   7927.0         2.685
   7977.0         3.168
   8027.0         3.651
   8077.0         4.131
   8127.0         4.605
   8177.0         5.067
   8227.0         5.526
   8277.0         5.988
   8327.0         6.456
   8377.0         6.927
   8427.0         7.401
   8477.0         7.860
   8527.0         8.298
   8577.0         8.736
   8627.0         9.171
   8677.0         9.606
   8727.0        10.044
   8777.0        10.482
   8827.0        10.923
   8877.0        11.373
   8927.0        11.832
   8977.0        12.294
   9027.0        12.756
   9077.0        13.224
   9127.0        13.689
   9177.0        14.157
   9227.0        14.622
   9277.0        14.976
   9327.0        15.312
   9377.0        15.645
   9427.0        15.975
   9477.0        16.299
   9527.0        16.623
   9577.0        16.947
   9627.0        17.268
   9677.0        17.583
   9727.0        17.904
   9777.0        18.234
   9827.0        18.576
   9877.0        18.927
   9927.0        19.293
   9977.0        19.665
  10027.0        20.040
  10077.0        20.415
  10127.0        20.793
  10177.0        21.198
  10227.0        21.618
  10277.0        22.050
  10327.0        22.686
  10377.0        23.376
  10427.0        24.075
  10477.0        24.792
  10527.0        25.512
  10577.0        26.238
  10627.0        26.970
  10677.0        27.702
  10727.0        28.443
  10777.0        29.187
  10827.0        29.943
  10877.0        30.708
  10927.0        31.482
  10977.0        32.262
  11027.0        33.045
  11077.0        33.834
  11127.0        34.626
  11177.0        35.436
  11227.0        36.273
  11277.0        37.119
  11327.0        37.974
  11377.0        38.835
  11427.0        39.693
  11477.0        40.551
  11527.0        41.421
  11577.0        42.297
  11627.0        43.173
  11677.0        44.049
  11727.0        44.919
  11777.0        45.792
  11827.0        46.662
  11877.0        47.532
  11927.0        48.402
  11977.0        49.266
  12027.0        50.124
  12077.0        50.973
  12127.0        51.810
  12177.0        52.635
  12227.0        53.460
  12277.0        54.282
  12327.0        55.101
  12377.0        55.905
  12427.0        56.700
  12477.0        57.489
  12527.0        58.272
  12577.0        59.055
  12627.0        59.838
  12677.0        60.624
  12727.0        61.407
  12777.0        62.190
  12827.0        62.973
  12877.0        63.756
  12927.0        64.494
  12977.0        64.845
  13027.0        65.163
  13077.0        65.457
  13127.0        65.739
  13177.0        66.006
  13227.0        66.267
  13277.0        66.525
  13327.0        66.768
  13377.0        66.996
  13427.0        67.179
  13477.0        67.335
  13527.0        67.461
  13577.0        67.563
  13627.0        67.644
  13677.0        67.701
  13727.0        67.746
  13777.0        67.722
  13827.0        67.668
  13877.0        67.554
  13927.0        67.422
  13977.0        67.290
  14027.0        67.161
  14077.0        67.029
  14127.0        66.897
  14177.0        66.765
  14227.0        66.636
  14277.0        66.504
  14327.0        66.372
  14377.0        66.243
  14427.0        66.111
  14477.0        65.979
  14527.0        65.745
  14577.0        65.319
  14627.0        64.878
  14677.0        64.425
  14727.0        63.969
  14777.0        63.504
  14827.0        63.039
  14877.0        62.568
  14927.0        62.088
  14977.0        61.566
  15027.0        61.020
  15077.0        60.438
  15127.0        59.835
  15177.0        59.217
  15227.0        58.587
  15277.0        57.951
  15327.0        57.288
  15377.0        56.607
  15427.0        55.902
  15477.0        55.191
  15527.0        54.480
  15577.0        53.769
  15627.0        53.058
  15677.0        52.347
  15727.0        51.639
  15777.0        50.928
  15827.0        50.217
  15877.0        49.506
  15927.0        48.795
  15977.0        48.084
  16027.0        47.376
  16077.0        46.665
  16127.0        45.954
  16177.0        45.243
  16227.0        44.535
  16277.0        43.824
  16327.0        43.110
  16377.0        42.390
  16427.0        41.670
  16477.0        40.947
  16527.0        40.224
  16577.0        39.498
  16627.0        38.763
  16677.0        38.007
  16727.0        37.233
  16777.0        36.432
  16827.0        35.610
  16877.0        34.782
  16927.0        33.948
  16977.0        33.114
  17027.0        32.277
  17077.0        31.440
  17127.0        30.600
  17177.0        29.763
  17227.0        28.923
  17277.0        28.086
  17327.0        27.249
  17377.0        26.409
  17427.0        25.572
  17477.0        24.732
  17527.0        23.895
  17577.0        23.058
  17627.0        22.218
  17677.0        21.381
  17727.0        20.541
  17777.0        19.704
  17827.0        18.867
  17877.0        18.027
  17927.0        17.190
  17977.0        16.350
  18027.0        15.513
  18077.0        14.676
  18127.0        13.836
  18177.0        12.996
  18227.0        12.162
  18277.0        11.331
  18327.0        10.503
  18377.0         9.681
  18427.0         8.859
  18477.0         8.040
  18527.0         7.230
  18577.0         6.456
  18627.0         5.712
  18677.0         5.010
  18727.0         4.341
  18777.0         3.693
  18827.0         3.057
  18877.0         2.430
  18927.0         1.833
  18977.0         1.254
  19027.0         0.696
  19077.0         0.135
  19127.0        -0.423
  19177.0        -0.984
  19227.0        -1.545
  19277.0        -2.103
  19327.0        -2.664
  19377.0        -3.222
  19427.0        -3.783
  19477.0        -4.344
  19527.0        -4.902
  19577.0        -5.463
  19627.0        -6.021
  19677.0        -6.582
  19727.0        -7.140
  19777.0        -7.701
  19827.0        -8.262
  19877.0        -8.820
  19927.0        -9.381
  19977.0        -9.939
  20027.0       -10.500
  20077.0       -11.058
  20127.0       -11.619
  20177.0       -12.180
  20227.0       -12.738
  20277.0       -13.299
  20327.0       -13.857
  20377.0       -14.418
  20427.0       -14.979
  20477.0       -15.492
  20527.0       -15.840
  20577.0       -16.176
  20627.0       -16.503
  20677.0       -16.824
  20727.0       -17.142
  20777.0       -17.457
  20827.0       -17.766
  20877.0       -18.063
  20927.0       -18.348
  20977.0       -18.624
  21027.0       -18.897
  21077.0       -19.167
  21127.0       -19.431
  21177.0       -19.686
  21227.0       -19.926
  21277.0       -20.154
  21327.0       -20.379
  21377.0       -20.601
  21427.0       -20.826
  21477.0       -21.051
  21527.0       -21.276
  21577.0       -21.501
  21627.0       -21.723
  21677.0       -21.948
  21727.0       -22.173
  21777.0       -22.398
  21827.0       -22.623
  21877.0       -22.845
  21927.0       -23.070
  21977.0       -23.295
  22027.0       -23.520
  22077.0       -23.745
  22127.0       -23.967
  22177.0       -24.192
  22227.0       -24.417
  22277.0       -24.642
  22327.0       -24.867
  22377.0       -25.089
  22427.0       -25.314
  22477.0       -25.539
  22527.0       -25.764
  22577.0       -25.989
  22627.0       -26.211
  22677.0       -26.436
  22727.0       -26.661
  22777.0       -26.886
  22827.0       -27.111
  22877.0       -27.333
  22927.0       -27.558
  22977.0       -27.783
  23027.0       -28.008
  23077.0       -28.233
  23127.0       -28.455
  23177.0       -28.680
  23227.0       -28.905
  23277.0       -29.130
  23327.0       -29.355
  23377.0       -29.577
  23427.0       -29.802
  23477.0       -30.027
  23527.0       -30.252
  23577.0       -30.435
  23627.0       -30.585
  23677.0       -30.732
  23727.0       -30.876
  23777.0       -31.017
  23827.0       -31.158
  23877.0       -31.293
  23927.0       -31.413
  23977.0       -31.518
  24027.0       -31.611
  24077.0       -31.692
  24127.0       -31.770
  24177.0       -31.839
  24227.0       -31.896
  24277.0       -31.941
  24327.0       -31.983
  24377.0       -32.025
  24427.0       -32.067
  24477.0       -32.109
  24527.0       -32.154
  24577.0       -32.196
  24627.0       -32.238
  24677.0       -32.280
  24727.0       -32.325
  24777.0       -32.367
  24827.0       -32.409
  24877.0       -32.451
  24927.0       -32.493
  24977.0       -32.538
  25027.0       -32.580
  25077.0       -32.622
  25127.0       -32.664
  25177.0       -32.709
  25227.0       -32.751
  25277.0       -32.793
  25327.0       -32.835
  25377.0       -32.880
  25427.0       -32.922
  25477.0       -32.964
  25527.0       -33.006
  25577.0       -33.048
  25627.0       -33.093
  25677.0       -33.135
  25727.0       -33.177
  25777.0       -33.219
  25827.0       -33.264
  25877.0       -33.306
  25927.0       -33.348
  25977.0       -33.390
  26027.0       -33.432
  26077.0       -33.477
  26127.0       -33.519
  26177.0       -33.561
  26227.0       -33.603
  26277.0       -33.648
  26327.0       -33.690
  26377.0       -33.732
  26427.0       -33.774
  26477.0       -33.816
  26527.0       -33.861
  26577.0       -33.903
  26627.0       -33.945
  26677.0       -33.987
  26727.0       -34.032
  26777.0       -34.074
  26827.0       -34.116
  26877.0       -34.158
  26927.0       -34.203
  26977.0       -34.245
  27027.0       -34.287
  27077.0       -34.329
  27127.0       -34.371
  27177.0       -34.416
  27227.0       -34.458
  27277.0       -34.500
  27327.0       -34.542
  27377.0       -34.587
  27427.0       -34.629
  27477.0       -34.671
  27527.0       -34.713
  27577.0       -34.755
  27627.0       -34.800
  27677.0       -34.842
  27727.0       -34.884
  27777.0       -34.926
  27827.0       -34.971
  27877.0       -35.013
  27927.0       -35.055
  27977.0       -35.097
  28027.0       -35.139
  28077.0       -35.184
  28127.0       -35.226
  28177.0       -35.268
  28227.0       -35.310
  28277.0       -35.355
  28327.0       -35.397
  28377.0       -35.439
