   1227.00         0.000
   1277.00         0.024
   1327.00         0.007
   1377.00         0.088
   1427.00         0.232
   1477.00         0.394
   1527.00         0.547
   1577.00         0.685
   1627.00         0.831
   1677.00         0.981
   1727.00         1.125
   1777.00         1.272
   1827.00         1.415
   1877.00         1.551
   1927.00         1.687
   1977.00         1.849
   2027.00         2.010
   2077.00         2.141
   2127.00         2.302
   2177.00         2.465
   2227.00         2.628
   2277.00         2.778
   2327.00         2.950
   2377.00         3.118
   2427.00         3.201
   2477.00         3.303
   2527.00         3.407
   2577.00         3.456
   2627.00         3.441
   2677.00         3.399
   2727.00         3.300
   2777.00         3.183
   2827.00         3.046
   2877.00         2.896
   2927.00         2.737
   2977.00         2.574
   3027.00         2.425
   3077.00         2.296
   3127.00         2.162
   3177.00         2.026
   3227.00         1.886
   3277.00         1.747
   3327.00         1.636
   3377.00         1.527
   3427.00         1.416
   3477.00         1.301
   3527.00         1.185
   3577.00         1.090
   3627.00         1.008
   3677.00         0.926
   3727.00         0.844
   3777.00         0.765
   3827.00         0.683
   3877.00         0.596
   3927.00         0.514
   3977.00         0.429
   4027.00         0.343
   4077.00         0.263
   4127.00         0.184
   4177.00         0.105
   4227.00         0.029
   4277.00        -0.038
   4327.00        -0.100
   4377.00        -0.160
   4427.00        -0.221
   4477.00        -0.280
   4527.00        -0.330
   4577.00        -0.374
   4627.00        -0.410
   4677.00        -0.415
   4727.00        -0.411
   4777.00        -0.400
   4827.00        -0.384
   4877.00        -0.361
   4927.00        -0.334
   4977.00        -0.306
   5027.00        -0.278
   5077.00        -0.260
   5127.00        -0.269
   5177.00        -0.281
   5227.00        -0.292
   5277.00        -0.304
   5327.00        -0.325
   5377.00        -0.355
   5427.00        -0.391
   5477.00        -0.431
   5527.00        -0.472
   5577.00        -0.528
   5627.00        -0.643
   5677.00        -0.766
   5727.00        -0.896
   5777.00        -1.028
   5827.00        -1.153
   5877.00        -1.276
   5927.00        -1.397
   5977.00        -1.516
   6027.00        -1.632
   6077.00        -1.748
   6127.00        -1.854
   6177.00        -1.896
   6227.00        -1.918
   6277.00        -1.920
   6327.00        -1.910
   6377.00        -1.896
   6427.00        -1.879
   6477.00        -1.859
   6527.00        -1.837
   6577.00        -1.813
   6627.00        -1.780
   6677.00        -1.743
   6727.00        -1.703
   6777.00        -1.657
   6827.00        -1.571
   6877.00        -1.482
   6927.00        -1.390
   6977.00        -1.295
   7027.00        -1.201
   7077.00        -1.107
   7127.00        -1.013
   7177.00        -0.925
   7227.00        -0.839
   7277.00        -0.753
   7327.00        -0.669
   7377.00        -0.586
   7427.00        -0.503
   7477.00        -0.418
   7527.00        -0.293
   7577.00        -0.153
   7627.00        -0.012
   7677.00         0.131
   7727.00         0.274
   7777.00         0.423
   7827.00         0.579
   7877.00         0.736
   7927.00         0.895
   7977.00         1.056
   8027.00         1.217
   8077.00         1.377
   8127.00         1.535
   8177.00         1.689
   8227.00         1.842
   8277.00         1.996
   8327.00         2.152
   8377.00         2.309
   8427.00         2.467
   8477.00         2.620
   8527.00         2.766
   8577.00         2.912
   8627.00         3.057
   8677.00         3.202
   8727.00         3.348
   8777.00         3.494
   8827.00         3.641
   8877.00         3.791
   8927.00         3.944
   8977.00         4.098
   9027.00         4.252
   9077.00         4.408
   9127.00         4.563
   9177.00         4.719
   9227.00         4.874
   9277.00         4.992
   9327.00         5.104
   9377.00         5.215
   9427.00         5.325
   9477.00         5.433
   9527.00         5.541
   9577.00         5.649
   9627.00         5.756
   9677.00         5.861
   9727.00         5.968
   9777.00         6.078
   9827.00         6.192
   9877.00         6.309
   9927.00         6.431
   9977.00         6.555
  10027.00         6.680
  10077.00         6.805
  10127.00         6.931
  10177.00         7.066
  10227.00         7.206
  10277.00         7.350
  10327.00         7.562
  10377.00         7.792
  10427.00         8.025
  10477.00         8.264
  10527.00         8.504
  10577.00         8.746
  10627.00         8.990
  10677.00         9.234
  10727.00         9.481
  10777.00         9.729
  10827.00         9.981
  10877.00        10.236
  10927.00        10.494
  10977.00        10.754
  11027.00        11.015
  11077.00        11.278
  11127.00        11.542
  11177.00        11.812
  11227.00        12.091
  11277.00        12.373
  11327.00        12.658
  11377.00        12.945
  11427.00        13.231
  11477.00        13.517
  11527.00        13.807
  11577.00        14.099
  11627.00        14.391
  11677.00        14.683
  11727.00        14.973
  11777.00        15.264
  11827.00        15.554
  11877.00        15.844
  11927.00        16.134
  11977.00        16.422
  12027.00        16.708
  12077.00        16.991
  12127.00        17.270
  12177.00        17.545
  12227.00        17.820
  12277.00        18.094
  12327.00        18.367
  12377.00        18.635
  12427.00        18.900
  12477.00        19.163
  12527.00        19.424
  12577.00        19.685
  12627.00        19.946
  12677.00        20.208
  12727.00        20.469
  12777.00        20.730
  12827.00        20.991
  12877.00        21.252
  12927.00        21.498
  12977.00        21.615
  13027.00        21.721
  13077.00        21.819
  13127.00        21.913
  13177.00        22.002
  13227.00        22.089
  13277.00        22.175
  13327.00        22.256
  13377.00        22.332
  13427.00        22.393
  13477.00        22.445
  13527.00        22.487
  13577.00        22.521
  13627.00        22.548
  13677.00        22.567
  13727.00        22.582
  13777.00        22.574
  13827.00        22.556
  13877.00        22.518
  13927.00        22.474
  13977.00        22.430
  14027.00        22.387
  14077.00        22.343
  14127.00        22.299
  14177.00        22.255
  14227.00        22.212
  14277.00        22.168
  14327.00        22.124
  14377.00        22.081
  14427.00        22.037
  14477.00        21.993
  14527.00        21.915
  14577.00        21.773
  14627.00        21.626
  14677.00        21.475
  14727.00        21.323
  14777.00        21.168
  14827.00        21.013
  14877.00        20.856
  14927.00        20.696
  14977.00        20.522
  15027.00        20.340
  15077.00        20.146
  15127.00        19.945
  15177.00        19.739
  15227.00        19.529
  15277.00        19.317
  15327.00        19.096
  15377.00        18.869
  15427.00        18.634
  15477.00        18.397
  15527.00        18.160
  15577.00        17.923
  15627.00        17.686
  15677.00        17.449
  15727.00        17.213
  15777.00        16.976
  15827.00        16.739
  15877.00        16.502
  15927.00        16.265
  15977.00        16.028
  16027.00        15.792
  16077.00        15.555
  16127.00        15.318
  16177.00        15.081
  16227.00        14.845
  16277.00        14.608
  16327.00        14.370
  16377.00        14.130
  16427.00        13.890
  16477.00        13.649
  16527.00        13.408
  16577.00        13.166
  16627.00        12.921
  16677.00        12.669
  16727.00        12.411
  16777.00        12.144
  16827.00        11.870
  16877.00        11.594
  16927.00        11.316
  16977.00        11.038
  17027.00        10.759
  17077.00        10.480
  17127.00        10.200
  17177.00         9.921
  17227.00         9.641
  17277.00         9.362
  17327.00         9.083
  17377.00         8.803
  17427.00         8.524
  17477.00         8.244
  17527.00         7.965
  17577.00         7.686
  17627.00         7.406
  17677.00         7.127
  17727.00         6.847
  17777.00         6.568
  17827.00         6.289
  17877.00         6.009
  17927.00         5.730
  17977.00         5.450
  18027.00         5.171
  18077.00         4.892
  18127.00         4.612
  18177.00         4.332
  18227.00         4.054
  18277.00         3.777
  18327.00         3.501
  18377.00         3.227
  18427.00         2.953
  18477.00         2.680
  18527.00         2.410
  18577.00         2.152
  18627.00         1.904
  18677.00         1.670
  18727.00         1.447
  18777.00         1.231
  18827.00         1.019
  18877.00         0.810
  18927.00         0.611
  18977.00         0.418
  19027.00         0.232
  19077.00         0.045
  19127.00        -0.141
  19177.00        -0.328
  19227.00        -0.515
  19277.00        -0.701
  19327.00        -0.888
  19377.00        -1.074
  19427.00        -1.261
  19477.00        -1.448
  19527.00        -1.634
  19577.00        -1.821
  19627.00        -2.007
  19677.00        -2.194
  19727.00        -2.380
  19777.00        -2.567
  19827.00        -2.754
  19877.00        -2.940
  19927.00        -3.127
  19977.00        -3.313
  20027.00        -3.500
  20077.00        -3.686
  20127.00        -3.873
  20177.00        -4.060
  20227.00        -4.246
  20277.00        -4.433
  20327.00        -4.619
  20377.00        -4.806
  20427.00        -4.993
  20477.00        -5.164
  20527.00        -5.280
  20577.00        -5.392
  20627.00        -5.501
  20677.00        -5.608
  20727.00        -5.714
  20777.00        -5.819
  20827.00        -5.922
  20877.00        -6.021
  20927.00        -6.116
  20977.00        -6.208
  21027.00        -6.299
  21077.00        -6.389
  21127.00        -6.477
  21177.00        -6.562
  21227.00        -6.642
  21277.00        -6.718
  21327.00        -6.793
  21377.00        -6.867
  21427.00        -6.942
  21477.00        -7.017
  21527.00        -7.092
  21577.00        -7.167
  21627.00        -7.241
  21677.00        -7.316
  21727.00        -7.391
  21777.00        -7.466
  21827.00        -7.541
  21877.00        -7.615
  21927.00        -7.690
  21977.00        -7.765
  22027.00        -7.840
  22077.00        -7.915
  22127.00        -7.989
  22177.00        -8.064
  22227.00        -8.139
  22277.00        -8.214
  22327.00        -8.289
  22377.00        -8.363
  22427.00        -8.438
  22477.00        -8.513
  22527.00        -8.588
  22577.00        -8.663
  22627.00        -8.737
  22677.00        -8.812
  22727.00        -8.887
  22777.00        -8.962
  22827.00        -9.037
  22877.00        -9.111
  22927.00        -9.186
  22977.00        -9.261
  23027.00        -9.336
  23077.00        -9.411
  23127.00        -9.485
  23177.00        -9.560
  23227.00        -9.635
  23277.00        -9.710
  23327.00        -9.785
  23377.00        -9.859
  23427.00        -9.934
  23477.00       -10.009
  23527.00       -10.084
  23577.00       -10.145
  23627.00       -10.195
  23677.00       -10.244
  23727.00       -10.292
  23777.00       -10.339
  23827.00       -10.386
  23877.00       -10.431
  23927.00       -10.471
  23977.00       -10.506
  24027.00       -10.537
  24077.00       -10.564
  24127.00       -10.590
  24177.00       -10.613
  24227.00       -10.632
  24277.00       -10.647
  24327.00       -10.661
  24377.00       -10.675
  24427.00       -10.689
  24477.00       -10.703
  24527.00       -10.718
  24577.00       -10.732
  24627.00       -10.746
  24677.00       -10.760
  24727.00       -10.775
  24777.00       -10.789
  24827.00       -10.803
  24877.00       -10.817
  24927.00       -10.831
  24977.00       -10.846
  25027.00       -10.860
  25077.00       -10.874
  25127.00       -10.888
  25177.00       -10.903
  25227.00       -10.917
  25277.00       -10.931
  25327.00       -10.945
  25377.00       -10.960
  25427.00       -10.974
  25477.00       -10.988
  25527.00       -11.002
  25577.00       -11.016
  25627.00       -11.031
  25677.00       -11.045
  25727.00       -11.059
  25777.00       -11.073
  25827.00       -11.088
  25877.00       -11.102
  25927.00       -11.116
  25977.00       -11.130
  26027.00       -11.144
  26077.00       -11.159
  26127.00       -11.173
  26177.00       -11.187
  26227.00       -11.201
  26277.00       -11.216
  26327.00       -11.230
  26377.00       -11.244
  26427.00       -11.258
  26477.00       -11.272
  26527.00       -11.287
  26577.00       -11.301
  26627.00       -11.315
  26677.00       -11.329
  26727.00       -11.344
  26777.00       -11.358
  26827.00       -11.372
  26877.00       -11.386
  26927.00       -11.401
  26977.00       -11.415
  27027.00       -11.429
  27077.00       -11.443
  27127.00       -11.457
  27177.00       -11.472
  27227.00       -11.486
  27277.00       -11.500
  27327.00       -11.514
  27377.00       -11.529
  27427.00       -11.543
  27477.00       -11.557
  27527.00       -11.571
  27577.00       -11.585
  27627.00       -11.600
  27677.00       -11.614
  27727.00       -11.628
  27777.00       -11.642
  27827.00       -11.657
  27877.00       -11.671
  27927.00       -11.685
  27977.00       -11.699
  28027.00       -11.713
  28077.00       -11.728
  28127.00       -11.742
  28177.00       -11.756
  28227.00       -11.770
  28277.00       -11.785
  28327.00       -11.799
  28377.00       -11.813
